A,0,0,4
A,0,1,-2
A,0,2,-10
A,0,3,-8
A,0,4,2
A,0,5,5
A,0,6,9
A,0,7,-5
A,0,8,1
A,0,9,-1
A,0,10,-4
A,0,11,-8
A,0,12,6
A,0,13,3
A,0,14,6
A,0,15,-5
A,0,16,2
A,0,17,4
A,0,18,-1
A,0,19,4
A,0,20,7
A,0,22,10
A,0,23,9
A,0,24,10
A,0,25,-1
A,0,26,2
A,0,27,-8
A,0,28,-10
A,0,29,-5
A,0,30,-5
A,0,31,1
A,0,32,-10
A,0,33,2
A,0,34,-1
A,0,35,10
A,1,0,1
A,1,1,10
A,1,2,8
A,1,3,-9
A,1,4,5
A,1,6,-6
A,1,7,9
A,1,8,-6
A,1,9,-9
A,1,10,7
A,1,11,6
A,1,12,5
A,1,13,-10
A,1,14,2
A,1,15,-8
A,1,16,-5
A,1,17,3
A,1,18,-3
A,1,19,-2
A,1,20,7
A,1,21,-6
A,1,22,2
A,1,23,-9
A,1,24,-5
A,1,25,8
A,1,26,2
A,1,27,5
A,1,28,1
A,1,29,2
A,1,30,2
A,1,32,-6
A,1,33,-1
A,1,34,1
A,2,0,1
A,2,1,-9
A,2,2,2
A,2,4,-10
A,2,5,7
A,2,7,3
A,2,8,-5
A,2,9,-7
A,2,10,3
A,2,11,-8
A,2,12,-4
A,2,13,-10
A,2,14,-8
A,2,15,-7
A,2,16,-5
A,2,17,-1
A,2,18,7
A,2,19,8
A,2,20,8
A,2,21,-8
A,2,22,8
A,2,23,-8
A,2,24,-1
A,2,25,-5
A,2,26,-5
A,2,27,5
A,2,28,-5
A,2,29,8
A,2,30,-9
A,2,31,-7
A,2,32,-1
A,2,33,4
A,2,34,5
A,2,35,3
A,3,0,-1
A,3,1,-7
A,3,2,-2
A,3,3,2
A,3,4,-1
A,3,5,-5
A,3,6,-8
A,3,7,9
A,3,8,-3
A,3,9,-4
A,3,10,-6
A,3,11,-8
A,3,13,7
A,3,14,-9
A,3,15,-6
A,3,16,3
A,3,17,4
A,3,18,-1
A,3,19,2
A,3,20,-4
A,3,21,9
A,3,22,-10
A,3,23,10
A,3,24,5
A,3,25,-9
A,3,26,4
A,3,27,-2
A,3,28,4
A,3,29,-6
A,3,30,-2
A,3,31,4
A,3,33,7
A,3,34,-9
A,3,35,9
A,4,0,1
A,4,1,-9
A,4,2,4
A,4,3,-8
A,4,4,8
A,4,5,1
A,4,6,7
A,4,7,-1
A,4,8,-9
A,4,9,-10
A,4,10,8
A,4,12,-6
A,4,13,5
A,4,14,4
A,4,15,5
A,4,16,9
A,4,17,10
A,4,18,-8
A,4,19,5
A,4,20,-3
A,4,21,1
A,4,22,6
A,4,23,-10
A,4,24,-7
A,4,25,-5
A,4,26,-8
A,4,27,-1
A,4,28,-9
A,4,29,2
A,4,30,-4
A,4,31,4
A,4,32,9
A,4,33,8
A,4,34,8
A,5,0,-5
A,5,1,-1
A,5,2,-1
A,5,3,3
A,5,4,5
A,5,5,-2
A,5,6,-9
A,5,7,-3
A,5,8,-1
A,5,9,-10
A,5,10,6
A,5,11,-5
A,5,12,-4
A,5,13,-7
A,5,16,-4
A,5,17,5
A,5,18,2
A,5,19,4
A,5,20,9
A,5,21,-4
A,5,22,-7
A,5,23,-3
A,5,24,4
A,5,25,9
A,5,26,7
A,5,27,-9
A,5,28,1
A,5,29,-9
A,5,30,-7
A,5,31,10
A,5,32,2
A,5,33,-5
A,5,34,1
A,5,35,2
A,6,0,-6
A,6,1,6
A,6,2,-2
A,6,3,10
A,6,4,6
A,6,5,-4
A,6,6,-2
A,6,7,9
A,6,8,-3
A,6,9,-9
A,6,10,-10
A,6,11,-4
A,6,12,-9
A,6,13,5
A,6,14,10
A,6,15,-6
A,6,16,-6
A,6,17,-3
A,6,18,1
A,6,19,3
A,6,20,-7
A,6,21,5
A,6,22,2
A,6,23,-8
A,6,24,10
A,6,25,-9
A,6,26,-5
A,6,27,2
A,6,28,-7
A,6,29,2
A,6,30,10
A,6,31,-4
A,6,32,-7
A,6,33,-7
A,6,34,-4
A,6,35,9
A,7,0,-3
A,7,1,4
A,7,2,-2
A,7,3,-9
A,7,4,4
A,7,5,-4
A,7,6,-7
A,7,7,-2
A,7,8,6
A,7,9,-6
A,7,10,3
A,7,11,-5
A,7,12,-7
A,7,13,4
A,7,14,-3
A,7,15,-3
A,7,16,1
A,7,17,10
A,7,18,-5
A,7,19,9
A,7,20,-4
A,7,21,-6
A,7,22,1
A,7,23,-8
A,7,24,-3
A,7,25,10
A,7,26,3
A,7,27,7
A,7,28,9
A,7,29,-10
A,7,30,-2
A,7,32,6
A,7,33,1
A,7,34,-4
A,8,0,5
A,8,1,-5
A,8,2,-2
A,8,3,-2
A,8,4,-6
A,8,5,6
A,8,6,10
A,8,7,-4
A,8,8,5
A,8,10,-1
A,8,11,-9
A,8,12,-2
A,8,13,-8
A,8,14,-7
A,8,15,-2
A,8,16,4
A,8,17,-1
A,8,18,-10
A,8,19,3
A,8,20,4
A,8,21,5
A,8,22,-9
A,8,23,-3
A,8,24,9
A,8,25,-2
A,8,26,1
A,8,27,5
A,8,28,3
A,8,29,-10
A,8,30,-4
A,8,31,7
A,8,34,-9
A,8,35,2
A,9,0,-4
A,9,1,10
A,9,2,1
A,9,3,8
A,9,4,-9
A,9,5,-4
A,9,6,-10
A,9,7,5
A,9,8,8
A,9,9,1
A,9,10,10
A,9,11,-8
A,9,12,4
A,9,13,-4
A,9,14,-9
A,9,15,-6
A,9,16,4
A,9,17,-5
A,9,18,-1
A,9,20,4
A,9,21,5
A,9,22,-4
A,9,23,-4
A,9,24,-9
A,9,25,-6
A,9,26,8
A,9,27,9
A,9,28,1
A,9,30,-10
A,9,31,4
A,9,32,1
A,9,33,9
A,9,35,-1
A,10,0,-10
A,10,1,-1
A,10,2,9
A,10,3,7
A,10,4,-10
A,10,5,-8
A,10,6,6
A,10,7,-7
A,10,8,9
A,10,9,10
A,10,10,8
A,10,11,2
A,10,12,1
A,10,13,-8
A,10,14,3
A,10,15,-8
A,10,16,-2
A,10,17,9
A,10,18,-10
A,10,19,9
A,10,20,6
A,10,21,-6
A,10,22,1
A,10,23,-3
A,10,24,-4
A,10,25,-4
A,10,27,10
A,10,28,6
A,10,29,-2
A,10,30,5
A,10,31,-5
A,10,32,-8
A,10,33,9
A,10,34,8
A,10,35,-6
A,11,0,6
A,11,1,-6
A,11,2,-5
A,11,3,2
A,11,5,-2
A,11,6,9
A,11,7,8
A,11,8,1
A,11,9,4
A,11,10,2
A,11,14,9
A,11,15,10
A,11,16,7
A,11,17,6
A,11,18,3
A,11,19,-10
A,11,20,3
A,11,21,-2
A,11,22,-2
A,11,23,-5
A,11,24,-9
A,11,25,-7
A,11,26,8
A,11,27,7
A,11,28,6
A,11,29,-1
A,11,30,6
A,11,31,-10
A,11,32,-3
A,11,33,-1
A,11,34,7
A,11,35,2
A,12,0,10
A,12,1,8
A,12,3,-4
A,12,4,-1
A,12,5,2
A,12,6,-8
A,12,7,8
A,12,8,-5
A,12,9,6
A,12,10,-3
A,12,11,7
A,12,12,7
A,12,13,-4
A,12,14,-4
A,12,15,1
A,12,16,6
A,12,17,-5
A,12,18,-5
A,12,20,6
A,12,21,-5
A,12,22,-10
A,12,23,7
A,12,25,-5
A,12,26,-6
A,12,27,-5
A,12,28,8
A,12,29,-7
A,12,30,-9
A,12,31,-4
A,12,32,-6
A,12,33,-5
A,12,34,-3
A,12,35,-10
A,13,0,10
A,13,1,-3
A,13,2,7
A,13,3,1
A,13,4,-9
A,13,5,3
A,13,6,-2
A,13,7,2
A,13,8,5
A,13,9,-5
A,13,10,1
A,13,11,-8
A,13,12,-9
A,13,13,-9
A,13,14,-9
A,13,15,-9
A,13,16,2
A,13,17,5
A,13,19,6
A,13,20,-8
A,13,21,-8
A,13,22,-1
A,13,23,-8
A,13,24,-9
A,13,25,-8
A,13,26,-9
A,13,27,5
A,13,28,5
A,13,29,9
A,13,31,10
A,13,32,-5
A,13,33,-3
A,13,34,-5
A,13,35,-4
A,14,0,6
A,14,1,1
A,14,2,-4
A,14,3,4
A,14,4,1
A,14,5,-5
A,14,6,-10
A,14,7,6
A,14,8,2
A,14,9,4
A,14,10,2
A,14,11,10
A,14,12,3
A,14,13,2
A,14,14,-7
A,14,15,-3
A,14,16,-9
A,14,17,-8
A,14,18,2
A,14,19,-5
A,14,20,-9
A,14,21,-1
A,14,22,1
A,14,23,7
A,14,24,6
A,14,25,1
A,14,26,8
A,14,27,-1
A,14,28,6
A,14,29,2
A,14,30,5
A,14,31,4
A,14,32,-9
A,14,33,3
A,14,34,-3
A,14,35,-7
A,15,0,-8
A,15,1,9
A,15,2,2
A,15,3,6
A,15,4,9
A,15,5,-1
A,15,6,-1
A,15,7,8
A,15,8,3
A,15,9,7
A,15,10,4
A,15,12,8
A,15,13,-7
A,15,14,3
A,15,16,-7
A,15,17,-9
A,15,18,7
A,15,19,-2
A,15,20,2
A,15,21,5
A,15,22,-9
A,15,23,10
A,15,24,-6
A,15,25,3
A,15,26,-2
A,15,27,5
A,15,28,-10
A,15,29,7
A,15,30,-1
A,15,31,-6
A,15,32,5
A,15,33,-9
A,15,34,4
A,15,35,6
A,16,0,-3
A,16,1,5
A,16,2,-1
A,16,3,2
A,16,4,-4
A,16,5,10
A,16,6,-4
A,16,7,2
A,16,8,-7
A,16,9,10
A,16,10,-10
A,16,12,3
A,16,13,5
A,16,14,-8
A,16,15,-8
A,16,16,9
A,16,17,2
A,16,18,3
A,16,19,7
A,16,20,9
A,16,21,-4
A,16,22,-9
A,16,24,-6
A,16,25,1
A,16,26,1
A,16,27,-6
A,16,28,-10
A,16,29,5
A,16,30,-8
A,16,31,-3
A,16,32,2
A,16,33,-6
A,16,34,-10
A,16,35,-2
A,17,0,5
A,17,1,-5
A,17,2,4
A,17,3,10
A,17,4,-9
A,17,5,3
A,17,6,7
A,17,7,-2
A,17,8,-1
A,17,9,9
A,17,10,-7
A,17,11,-10
A,17,12,7
A,17,13,7
A,17,14,-4
A,17,15,-3
A,17,16,-4
A,17,17,-5
A,17,18,-4
A,17,20,3
A,17,21,4
A,17,22,-2
A,17,23,-3
A,17,24,2
A,17,25,-4
A,17,26,-4
A,17,27,6
A,17,28,9
A,17,29,6
A,17,30,-3
A,17,31,-6
A,17,32,-9
A,17,33,9
A,17,34,6
A,17,35,-4
A,18,0,-8
A,18,1,10
A,18,2,-6
A,18,3,-10
A,18,4,10
A,18,5,-10
A,18,6,6
A,18,7,-5
A,18,8,-5
A,18,9,-7
A,18,10,-8
A,18,11,-2
A,18,12,-10
A,18,14,2
A,18,15,9
A,18,17,-10
A,18,18,9
A,18,20,10
A,18,21,-4
A,18,22,10
A,18,23,9
A,18,24,2
A,18,26,7
A,18,27,-7
A,18,28,-10
A,18,29,10
A,18,30,-5
A,18,31,5
A,18,32,-2
A,18,33,-9
A,18,34,2
A,18,35,5
A,19,0,-2
A,19,1,-3
A,19,2,-1
A,19,3,-1
A,19,4,-2
A,19,5,-2
A,19,6,-6
A,19,7,-2
A,19,8,8
A,19,9,-4
A,19,10,-7
A,19,11,3
A,19,12,-10
A,19,13,-4
A,19,14,-6
A,19,15,-3
A,19,16,-8
A,19,17,-10
A,19,18,2
A,19,19,3
A,19,20,7
A,19,21,3
A,19,22,-2
A,19,23,-1
A,19,24,1
A,19,26,4
A,19,27,1
A,19,28,-2
A,19,29,-1
A,19,30,9
A,19,31,-8
A,19,32,7
A,19,33,3
A,19,34,8
A,20,0,2
A,20,1,-2
A,20,2,10
A,20,3,4
A,20,4,9
A,20,5,-3
A,20,6,-9
A,20,7,1
A,20,8,5
A,20,9,2
A,20,10,3
A,20,12,-8
A,20,13,2
A,20,14,-4
A,20,15,5
A,20,16,-10
A,20,17,5
A,20,18,-6
A,20,19,-6
A,20,20,7
A,20,21,4
A,20,22,-4
A,20,23,5
A,20,24,5
A,20,25,9
A,20,26,6
A,20,27,2
A,20,28,2
A,20,29,9
A,20,30,-9
A,20,31,8
A,20,32,-1
A,20,33,9
A,20,34,2
A,20,35,-2
A,21,0,4
A,21,1,4
A,21,2,-4
A,21,3,2
A,21,4,1
A,21,5,4
A,21,7,4
A,21,8,9
A,21,9,10
A,21,11,-9
A,21,12,10
A,21,13,-2
A,21,14,9
A,21,15,8
A,21,16,9
A,21,17,-3
A,21,18,4
A,21,19,7
A,21,20,-9
A,21,21,3
A,21,22,1
A,21,23,-7
A,21,24,5
A,21,25,7
A,21,26,7
A,21,27,3
A,21,28,8
A,21,29,-6
A,21,30,-1
A,21,31,9
A,21,32,-4
A,21,33,9
A,21,34,-2
A,21,35,-6
A,22,0,3
A,22,1,-4
A,22,2,1
A,22,3,-10
A,22,4,1
A,22,5,-4
A,22,6,-3
A,22,8,-4
A,22,9,9
A,22,10,3
A,22,11,-4
A,22,12,-2
A,22,13,-8
A,22,14,3
A,22,15,10
A,22,16,-5
A,22,17,-1
A,22,18,3
A,22,19,2
A,22,20,-4
A,22,21,-7
A,22,22,9
A,22,23,8
A,22,24,-4
A,22,25,10
A,22,26,6
A,22,27,-5
A,22,28,-5
A,22,29,-9
A,22,30,-2
A,22,31,5
A,22,32,-7
A,22,33,3
A,22,34,-4
A,22,35,-6
A,23,0,-8
A,23,1,6
A,23,2,-10
A,23,3,-9
A,23,4,8
A,23,5,-6
A,23,6,7
A,23,7,8
A,23,8,7
A,23,9,-8
A,23,10,-4
A,23,12,-1
A,23,13,7
A,23,14,-3
A,23,15,1
A,23,16,8
A,23,17,7
A,23,18,-4
A,23,19,9
A,23,20,-3
A,23,21,-9
A,23,22,2
A,23,23,7
A,23,24,6
A,23,25,4
A,23,26,10
A,23,27,-2
A,23,28,2
A,23,29,-2
A,23,30,9
A,23,31,-1
A,23,32,-10
A,23,33,-9
A,23,34,9
A,23,35,-5
A,24,0,-7
A,24,1,-10
A,24,2,-5
A,24,3,7
A,24,5,1
A,24,6,-1
A,24,7,-8
A,24,8,-9
A,24,9,-7
A,24,10,8
A,24,11,8
A,24,12,8
A,24,13,-7
A,24,14,-6
A,24,15,-5
A,24,16,-5
A,24,17,-7
A,24,18,-2
A,24,20,-7
A,24,21,-7
A,24,22,-7
A,24,23,-9
A,24,24,1
A,24,25,3
A,24,26,5
A,24,27,5
A,24,28,6
A,24,29,6
A,24,30,8
A,24,31,-6
A,24,32,10
A,24,33,-3
A,24,34,1
A,24,35,10
A,25,0,-10
A,25,1,-9
A,25,2,10
A,25,3,10
A,25,4,-10
A,25,5,3
A,25,6,-4
A,25,7,-10
A,25,8,-4
A,25,9,2
A,25,10,-10
A,25,11,-10
A,25,12,3
A,25,14,-8
A,25,15,-9
A,25,16,7
A,25,17,2
A,25,18,9
A,25,19,2
A,25,20,6
A,25,21,-3
A,25,22,-3
A,25,23,-6
A,25,24,3
A,25,25,7
A,25,26,-9
A,25,27,8
A,25,28,-10
A,25,29,-8
A,25,30,5
A,25,31,9
A,25,32,-9
A,25,33,-5
A,25,34,1
A,25,35,-4
A,26,0,6
A,26,1,4
A,26,2,4
A,26,5,-6
A,26,6,2
A,26,7,8
A,26,8,3
A,26,9,2
A,26,10,1
A,26,11,3
A,26,12,5
A,26,13,2
A,26,14,-8
A,26,15,-1
A,26,16,2
A,26,17,-8
A,26,18,9
A,26,19,-7
A,26,20,-7
A,26,21,-10
A,26,23,10
A,26,24,-9
A,26,25,-10
A,26,26,-4
A,26,27,9
A,26,28,-6
A,26,29,-9
A,26,30,-6
A,26,31,2
A,26,32,-8
A,26,33,5
A,26,34,3
A,26,35,-5
A,27,0,-10
A,27,1,-4
A,27,2,-2
A,27,3,6
A,27,4,1
A,27,5,-9
A,27,6,9
A,27,7,-3
A,27,8,3
A,27,9,9
A,27,10,-6
A,27,11,-1
A,27,12,-3
A,27,13,3
A,27,14,-5
A,27,15,-7
A,27,16,-3
A,27,17,10
A,27,18,-4
A,27,19,5
A,27,20,-2
A,27,22,-2
A,27,23,-9
A,27,24,3
A,27,26,-7
A,27,27,5
A,27,28,9
A,27,29,-2
A,27,30,-5
A,27,31,9
A,27,32,-5
A,27,33,-7
A,27,34,10
A,27,35,-10
A,28,0,10
A,28,1,-8
A,28,2,-2
A,28,3,10
A,28,4,-6
A,28,5,7
A,28,6,1
A,28,7,-1
A,28,8,-1
A,28,9,5
A,28,11,2
A,28,12,8
A,28,13,-3
A,28,14,-4
A,28,16,3
A,28,18,-6
A,28,19,9
A,28,20,-7
A,28,21,-7
A,28,22,3
A,28,23,7
A,28,24,10
A,28,25,-7
A,28,26,-8
A,28,27,-2
A,28,28,-2
A,28,29,5
A,28,30,6
A,28,31,-7
A,28,32,-8
A,28,33,-5
A,28,34,6
A,28,35,-5
A,29,0,9
A,29,1,3
A,29,2,4
A,29,3,-6
A,29,4,-6
A,29,5,-6
A,29,6,10
A,29,7,-4
A,29,8,-10
A,29,9,3
A,29,10,-6
A,29,11,-8
A,29,12,5
A,29,13,3
A,29,14,6
A,29,15,9
A,29,16,8
A,29,17,3
A,29,18,3
A,29,19,9
A,29,20,-5
A,29,21,7
A,29,22,10
A,29,23,-3
A,29,24,-6
A,29,25,-4
A,29,26,-4
A,29,27,-10
A,29,28,3
A,29,29,-1
A,29,30,-7
A,29,31,10
A,29,32,10
A,29,33,-8
A,29,35,-10
A,30,0,8
A,30,1,-9
A,30,2,-5
A,30,3,-9
A,30,4,9
A,30,5,-3
A,30,6,-8
A,30,7,-4
A,30,8,-4
A,30,9,4
A,30,10,-8
A,30,11,-10
A,30,12,-1
A,30,13,-10
A,30,14,5
A,30,15,3
A,30,16,-3
A,30,17,10
A,30,18,2
A,30,19,-10
A,30,20,-9
A,30,21,5
A,30,22,6
A,30,24,-7
A,30,25,5
A,30,26,-8
A,30,28,9
A,30,29,2
A,30,30,8
A,30,31,1
A,30,32,1
A,30,33,-10
A,30,34,-9
A,30,35,5
A,31,0,-5
A,31,1,-1
A,31,2,-8
A,31,3,6
A,31,4,9
A,31,5,7
A,31,6,1
A,31,7,-3
A,31,8,-5
A,31,9,4
A,31,10,9
A,31,11,-10
A,31,12,-3
A,31,13,-5
A,31,14,10
A,31,15,-6
A,31,16,9
A,31,17,-8
A,31,18,1
A,31,19,4
A,31,20,3
A,31,21,2
A,31,22,4
A,31,23,7
A,31,24,1
A,31,25,-2
A,31,26,8
A,31,27,7
A,31,28,-3
A,31,29,10
A,31,30,5
A,31,31,6
A,31,32,-8
A,31,33,8
A,31,34,7
A,31,35,-10
A,32,0,-3
A,32,1,10
A,32,2,-9
A,32,3,9
A,32,4,-8
A,32,5,5
A,32,6,-4
A,32,7,-8
A,32,8,-5
A,32,9,1
A,32,10,10
A,32,11,3
A,32,12,4
A,32,13,6
A,32,14,10
A,32,15,6
A,32,16,1
A,32,17,-8
A,32,18,-7
A,32,19,4
A,32,20,-7
A,32,21,-9
A,32,22,-2
A,32,23,10
A,32,24,6
A,32,25,8
A,32,26,8
A,32,27,2
A,32,28,7
A,32,29,1
A,32,30,7
A,32,31,-8
A,32,32,5
A,32,33,9
A,32,34,-8
A,32,35,-6
A,33,0,10
A,33,2,5
A,33,3,10
A,33,4,4
A,33,5,10
A,33,6,4
A,33,7,4
A,33,8,4
A,33,9,10
A,33,10,1
A,33,11,-10
A,33,12,7
A,33,13,2
A,33,14,6
A,33,15,9
A,33,16,-8
A,33,17,-5
A,33,18,9
A,33,19,-5
A,33,20,-5
A,33,21,2
A,33,22,10
A,33,23,2
A,33,25,-10
A,33,26,-5
A,33,27,8
A,33,28,2
A,33,29,-7
A,33,30,-10
A,33,31,-1
A,33,32,5
A,33,33,-8
A,33,34,8
A,33,35,-10
A,34,1,9
A,34,2,6
A,34,3,3
A,34,4,7
A,34,5,-10
A,34,6,-2
A,34,7,-2
A,34,8,7
A,34,9,6
A,34,10,1
A,34,11,1
A,34,12,-2
A,34,13,-8
A,34,14,-7
A,34,15,-5
A,34,16,-3
A,34,17,-8
A,34,18,-6
A,34,19,-10
A,34,20,-1
A,34,21,10
A,34,22,-2
A,34,23,-2
A,34,24,5
A,34,25,-8
A,34,26,-7
A,34,27,8
A,34,28,-3
A,34,30,-9
A,34,31,-8
A,34,32,-5
A,34,33,6
A,34,34,-8
A,34,35,10
A,35,0,-1
A,35,1,3
A,35,2,8
A,35,3,5
A,35,4,4
A,35,5,-1
A,35,6,-8
A,35,7,6
A,35,8,6
A,35,9,4
A,35,10,5
A,35,11,2
A,35,12,1
A,35,13,5
A,35,14,9
A,35,15,5
A,35,16,4
A,35,17,-7
A,35,18,-3
A,35,19,1
A,35,20,-4
A,35,21,-2
A,35,22,-2
A,35,23,4
A,35,24,9
A,35,25,-8
A,35,26,-4
A,35,27,5
A,35,28,2
A,35,29,5
A,35,30,3
A,35,31,10
A,35,32,1
A,35,33,6
A,35,34,7
A,35,35,6
B,0,0,-8
B,0,1,-5
B,0,2,-1
B,0,3,8
B,0,4,10
B,0,5,9
B,0,6,-2
B,0,7,7
B,0,8,-9
B,0,9,-6
B,0,10,8
B,0,11,3
B,0,12,-1
B,0,13,-5
B,0,14,-5
B,0,15,-8
B,0,16,-6
B,0,17,-3
B,0,18,-6
B,0,19,-10
B,0,20,-10
B,0,21,10
B,0,22,7
B,0,23,8
B,0,24,2
B,0,25,10
B,0,26,6
B,0,27,-7
B,0,28,-7
B,0,29,7
B,0,30,8
B,0,31,-6
B,0,32,-10
B,0,33,9
B,0,34,2
B,0,35,-6
B,1,0,4
B,1,1,8
B,1,2,-5
B,1,3,-6
B,1,4,10
B,1,5,-1
B,1,6,-5
B,1,7,1
B,1,8,-9
B,1,9,10
B,1,10,-8
B,1,11,2
B,1,12,4
B,1,14,7
B,1,16,8
B,1,18,7
B,1,19,4
B,1,20,-6
B,1,21,9
B,1,22,-8
B,1,23,-4
B,1,24,5
B,1,25,5
B,1,26,-7
B,1,27,-5
B,1,28,9
B,1,29,-1
B,1,31,2
B,1,32,-10
B,1,33,-7
B,1,34,-6
B,1,35,-2
B,2,0,-7
B,2,1,2
B,2,2,7
B,2,3,1
B,2,4,10
B,2,5,1
B,2,6,2
B,2,7,1
B,2,8,1
B,2,9,-3
B,2,10,-10
B,2,11,10
B,2,12,8
B,2,13,1
B,2,14,9
B,2,15,-8
B,2,16,10
B,2,18,1
B,2,19,-5
B,2,20,5
B,2,21,-4
B,2,22,3
B,2,23,-3
B,2,24,-1
B,2,25,-2
B,2,26,-4
B,2,27,-2
B,2,28,-10
B,2,30,-6
B,2,31,-4
B,2,32,4
B,2,33,2
B,2,35,1
B,3,1,4
B,3,3,4
B,3,4,-10
B,3,5,1
B,3,6,-10
B,3,7,1
B,3,8,1
B,3,9,-1
B,3,10,-7
B,3,11,-9
B,3,12,7
B,3,13,9
B,3,14,4
B,3,16,10
B,3,17,-4
B,3,18,-7
B,3,19,-2
B,3,20,-1
B,3,21,6
B,3,22,2
B,3,23,6
B,3,24,-7
B,3,25,3
B,3,26,-3
B,3,27,-6
B,3,28,-6
B,3,29,4
B,3,30,-4
B,3,31,3
B,3,33,-7
B,3,34,-6
B,3,35,10
B,4,0,-6
B,4,1,-3
B,4,2,-5
B,4,3,7
B,4,4,-9
B,4,5,10
B,4,6,5
B,4,7,-1
B,4,8,10
B,4,9,-5
B,4,10,-8
B,4,11,4
B,4,12,-10
B,4,13,4
B,4,14,-5
B,4,15,-8
B,4,16,2
B,4,17,10
B,4,18,-7
B,4,19,1
B,4,20,4
B,4,21,9
B,4,22,5
B,4,23,-4
B,4,24,3
B,4,25,-5
B,4,26,7
B,4,27,1
B,4,28,-4
B,4,29,-9
B,4,30,-7
B,4,31,-8
B,4,32,-3
B,4,33,-5
B,4,34,-1
B,4,35,5
B,5,0,-4
B,5,1,-1
B,5,2,-8
B,5,3,-10
B,5,4,7
B,5,5,3
B,5,6,-8
B,5,7,6
B,5,8,-10
B,5,9,-3
B,5,10,-2
B,5,11,6
B,5,12,3
B,5,13,-4
B,5,14,7
B,5,15,6
B,5,16,-10
B,5,17,-9
B,5,18,3
B,5,19,-10
B,5,20,-2
B,5,21,9
B,5,22,-3
B,5,23,6
B,5,25,-4
B,5,26,-6
B,5,27,-9
B,5,28,-7
B,5,29,-8
B,5,30,3
B,5,31,1
B,5,32,-7
B,5,33,8
B,5,34,-1
B,5,35,-9
B,6,0,-8
B,6,1,9
B,6,2,9
B,6,3,5
B,6,4,4
B,6,5,5
B,6,6,-1
B,6,7,9
B,6,8,9
B,6,9,-2
B,6,10,9
B,6,11,8
B,6,13,-8
B,6,14,7
B,6,16,8
B,6,17,-7
B,6,18,-6
B,6,19,-8
B,6,20,-9
B,6,21,-3
B,6,22,1
B,6,23,-8
B,6,24,3
B,6,25,-3
B,6,26,6
B,6,27,-2
B,6,29,-2
B,6,30,-6
B,6,31,8
B,6,32,-10
B,6,33,-8
B,6,34,10
B,6,35,-10
B,7,0,-3
B,7,2,5
B,7,3,5
B,7,4,-10
B,7,5,7
B,7,6,-3
B,7,7,-6
B,7,9,4
B,7,10,-9
B,7,11,7
B,7,12,-7
B,7,13,-2
B,7,14,6
B,7,15,-2
B,7,16,-2
B,7,17,2
B,7,18,6
B,7,19,-4
B,7,20,-9
B,7,21,-5
B,7,22,9
B,7,23,-5
B,7,24,-6
B,7,25,-6
B,7,26,-7
B,7,27,-5
B,7,28,-1
B,7,29,10
B,7,30,-10
B,7,31,7
B,7,32,-8
B,7,33,-2
B,7,34,-8
B,7,35,-8
B,8,0,-3
B,8,1,-1
B,8,2,-1
B,8,3,8
B,8,4,-1
B,8,5,8
B,8,6,10
B,8,7,9
B,8,8,9
B,8,9,1
B,8,10,-2
B,8,11,4
B,8,12,-10
B,8,13,8
B,8,14,-5
B,8,15,-10
B,8,16,5
B,8,17,1
B,8,18,1
B,8,19,10
B,8,20,-3
B,8,21,10
B,8,22,-10
B,8,23,-6
B,8,24,8
B,8,25,-10
B,8,26,-8
B,8,27,9
B,8,28,-9
B,8,29,7
B,8,30,7
B,8,31,-9
B,8,32,2
B,8,33,-4
B,8,34,-3
B,9,0,8
B,9,1,-6
B,9,2,2
B,9,3,9
B,9,4,-6
B,9,5,5
B,9,7,-7
B,9,8,-4
B,9,9,7
B,9,10,-7
B,9,11,-5
B,9,12,-7
B,9,13,6
B,9,14,-9
B,9,15,6
B,9,16,-6
B,9,17,-10
B,9,18,1
B,9,19,10
B,9,20,-4
B,9,22,4
B,9,23,7
B,9,24,-8
B,9,25,-9
B,9,26,-8
B,9,27,5
B,9,28,-2
B,9,29,-1
B,9,30,-2
B,9,31,-1
B,9,33,3
B,9,34,-5
B,9,35,-2
B,10,0,4
B,10,1,6
B,10,2,-4
B,10,3,4
B,10,4,-5
B,10,6,-6
B,10,7,2
B,10,9,-10
B,10,10,10
B,10,11,8
B,10,12,-6
B,10,13,-9
B,10,14,6
B,10,15,5
B,10,16,-10
B,10,17,6
B,10,18,-2
B,10,19,9
B,10,20,-5
B,10,21,-2
B,10,22,-9
B,10,23,-3
B,10,24,4
B,10,25,2
B,10,26,-6
B,10,27,3
B,10,28,-9
B,10,29,3
B,10,30,-7
B,10,31,6
B,10,32,7
B,10,33,-6
B,10,34,9
B,10,35,1
B,11,0,-3
B,11,1,-2
B,11,2,4
B,11,3,-6
B,11,4,7
B,11,5,10
B,11,6,-3
B,11,7,1
B,11,8,-8
B,11,9,-5
B,11,10,-3
B,11,11,-9
B,11,12,2
B,11,14,9
B,11,15,-6
B,11,16,4
B,11,17,4
B,11,18,2
B,11,19,4
B,11,20,2
B,11,21,-6
B,11,22,2
B,11,23,2
B,11,24,6
B,11,25,-8
B,11,26,1
B,11,27,-10
B,11,28,6
B,11,29,-5
B,11,30,4
B,11,31,5
B,11,32,10
B,11,33,-9
B,11,34,4
B,11,35,2
B,12,0,-5
B,12,1,8
B,12,2,-3
B,12,3,-10
B,12,4,2
B,12,5,5
B,12,6,-2
B,12,7,1
B,12,8,3
B,12,9,2
B,12,10,7
B,12,11,-3
B,12,12,8
B,12,13,-5
B,12,14,-6
B,12,15,7
B,12,16,-6
B,12,17,1
B,12,18,-8
B,12,19,10
B,12,20,-9
B,12,21,10
B,12,22,6
B,12,24,-8
B,12,25,-3
B,12,26,-9
B,12,28,-10
B,12,29,7
B,12,30,1
B,12,31,3
B,12,32,-4
B,12,33,3
B,12,34,-4
B,12,35,4
B,13,0,3
B,13,1,9
B,13,3,9
B,13,4,-6
B,13,5,10
B,13,6,-1
B,13,7,-8
B,13,8,8
B,13,9,-3
B,13,10,3
B,13,11,2
B,13,12,10
B,13,13,-6
B,13,14,1
B,13,15,-5
B,13,16,10
B,13,17,-6
B,13,18,1
B,13,19,-8
B,13,20,-5
B,13,21,3
B,13,22,3
B,13,23,-9
B,13,24,-3
B,13,25,-4
B,13,26,7
B,13,27,2
B,13,28,1
B,13,29,10
B,13,30,4
B,13,31,7
B,13,32,1
B,13,33,-9
B,13,34,1
B,13,35,1
B,14,0,-7
B,14,1,4
B,14,2,7
B,14,3,-7
B,14,4,2
B,14,5,-2
B,14,6,4
B,14,7,3
B,14,8,6
B,14,9,-1
B,14,10,2
B,14,11,-5
B,14,12,-1
B,14,13,-9
B,14,14,8
B,14,15,-4
B,14,16,-9
B,14,17,6
B,14,18,10
B,14,19,-9
B,14,20,-8
B,14,22,-8
B,14,23,8
B,14,24,1
B,14,25,-9
B,14,26,-8
B,14,27,-1
B,14,28,6
B,14,29,8
B,14,30,7
B,14,31,-10
B,14,32,-6
B,14,33,-2
B,14,35,4
B,15,0,-10
B,15,1,7
B,15,2,2
B,15,3,-10
B,15,4,9
B,15,5,5
B,15,6,-4
B,15,7,4
B,15,8,7
B,15,9,5
B,15,10,-9
B,15,11,-7
B,15,12,5
B,15,13,5
B,15,14,2
B,15,15,-10
B,15,17,8
B,15,18,1
B,15,19,7
B,15,20,-1
B,15,21,2
B,15,22,-7
B,15,23,10
B,15,24,-5
B,15,25,5
B,15,26,8
B,15,27,-8
B,15,28,-1
B,15,29,-3
B,15,30,6
B,15,31,-6
B,15,32,-1
B,15,33,6
B,15,34,-8
B,15,35,7
B,16,0,10
B,16,1,10
B,16,2,-1
B,16,3,6
B,16,4,10
B,16,5,3
B,16,6,-2
B,16,7,-8
B,16,8,10
B,16,9,5
B,16,10,-4
B,16,11,10
B,16,12,-10
B,16,13,-10
B,16,14,-9
B,16,15,-10
B,16,16,-1
B,16,17,3
B,16,18,-8
B,16,19,5
B,16,20,3
B,16,21,8
B,16,22,6
B,16,23,-6
B,16,24,9
B,16,25,-9
B,16,26,7
B,16,27,-3
B,16,28,6
B,16,29,9
B,16,30,-5
B,16,31,1
B,16,32,-6
B,16,33,-9
B,16,34,10
B,16,35,8
B,17,0,-7
B,17,2,2
B,17,3,9
B,17,4,7
B,17,5,4
B,17,6,-1
B,17,7,-1
B,17,8,9
B,17,9,-1
B,17,11,4
B,17,12,2
B,17,13,-9
B,17,14,5
B,17,15,6
B,17,16,-10
B,17,17,-7
B,17,18,6
B,17,19,-9
B,17,20,-2
B,17,21,8
B,17,22,2
B,17,23,-8
B,17,24,-5
B,17,25,-8
B,17,26,5
B,17,27,9
B,17,28,-2
B,17,29,-3
B,17,30,-6
B,17,31,-8
B,17,32,-6
B,17,33,-1
B,17,34,-5
B,17,35,-5
B,18,0,-8
B,18,1,-7
B,18,2,2
B,18,3,4
B,18,4,4
B,18,5,-3
B,18,6,10
B,18,7,7
B,18,8,-5
B,18,9,2
B,18,11,-10
B,18,12,-3
B,18,13,-8
B,18,14,-6
B,18,15,-9
B,18,16,8
B,18,17,-2
B,18,18,5
B,18,19,3
B,18,21,-4
B,18,22,-3
B,18,23,-5
B,18,24,-8
B,18,26,4
B,18,27,9
B,18,29,-6
B,18,30,-6
B,18,31,7
B,18,32,9
B,18,33,4
B,18,34,4
B,18,35,6
B,19,0,-2
B,19,1,4
B,19,2,6
B,19,3,10
B,19,4,7
B,19,5,8
B,19,6,-6
B,19,7,7
B,19,9,-7
B,19,10,-9
B,19,11,-6
B,19,12,-6
B,19,13,5
B,19,14,2
B,19,15,10
B,19,16,-5
B,19,17,6
B,19,18,1
B,19,19,-9
B,19,20,-3
B,19,21,-8
B,19,22,4
B,19,23,9
B,19,24,7
B,19,25,2
B,19,26,1
B,19,27,-7
B,19,28,-3
B,19,29,-3
B,19,30,6
B,19,31,5
B,19,32,-7
B,19,33,-2
B,19,34,-2
B,19,35,5
B,20,0,8
B,20,1,4
B,20,2,1
B,20,3,-2
B,20,4,-10
B,20,5,-8
B,20,6,-5
B,20,7,6
B,20,8,9
B,20,9,-8
B,20,10,10
B,20,11,-7
B,20,13,9
B,20,14,9
B,20,15,-1
B,20,16,-3
B,20,17,-8
B,20,18,10
B,20,19,4
B,20,20,-3
B,20,21,10
B,20,22,9
B,20,23,9
B,20,24,10
B,20,25,2
B,20,26,-9
B,20,27,-3
B,20,28,-1
B,20,29,2
B,20,30,-4
B,20,31,-8
B,20,32,-6
B,20,33,3
B,20,34,-3
B,20,35,9
B,21,0,-5
B,21,1,-9
B,21,2,-9
B,21,3,5
B,21,4,-10
B,21,5,-1
B,21,6,3
B,21,7,4
B,21,8,9
B,21,9,2
B,21,10,-10
B,21,11,-10
B,21,12,-4
B,21,13,6
B,21,14,2
B,21,15,4
B,21,16,-7
B,21,17,-6
B,21,18,-1
B,21,19,-2
B,21,20,-1
B,21,21,4
B,21,23,1
B,21,24,3
B,21,25,-4
B,21,26,4
B,21,27,-6
B,21,28,-5
B,21,29,5
B,21,30,-4
B,21,31,-9
B,21,32,-6
B,21,33,2
B,21,34,-10
B,21,35,1
B,22,0,10
B,22,1,4
B,22,2,1
B,22,3,10
B,22,4,-8
B,22,5,3
B,22,6,1
B,22,7,5
B,22,8,2
B,22,9,2
B,22,10,6
B,22,11,4
B,22,12,-1
B,22,13,-8
B,22,14,5
B,22,15,-2
B,22,16,-1
B,22,17,-6
B,22,18,-5
B,22,19,-2
B,22,20,-2
B,22,21,1
B,22,22,10
B,22,24,5
B,22,25,-2
B,22,26,9
B,22,27,-10
B,22,28,4
B,22,29,-5
B,22,30,9
B,22,31,1
B,22,32,8
B,22,33,2
B,22,34,6
B,22,35,-7
B,23,0,3
B,23,1,3
B,23,2,-4
B,23,3,-6
B,23,4,-1
B,23,5,-10
B,23,6,-9
B,23,7,8
B,23,8,-9
B,23,9,-7
B,23,11,-1
B,23,12,9
B,23,13,-3
B,23,14,-3
B,23,16,-1
B,23,17,-4
B,23,18,9
B,23,19,9
B,23,20,-1
B,23,22,-9
B,23,23,-9
B,23,24,6
B,23,25,6
B,23,26,4
B,23,27,-6
B,23,28,-10
B,23,29,-8
B,23,30,1
B,23,31,-1
B,23,32,-10
B,23,33,-6
B,23,34,4
B,23,35,2
B,24,0,-8
B,24,1,-10
B,24,2,-4
B,24,3,-2
B,24,4,-8
B,24,5,4
B,24,6,-7
B,24,7,2
B,24,8,-8
B,24,9,-9
B,24,10,-7
B,24,11,3
B,24,12,-10
B,24,13,-6
B,24,14,4
B,24,15,4
B,24,16,-8
B,24,17,2
B,24,18,8
B,24,19,-5
B,24,20,-9
B,24,21,5
B,24,22,5
B,24,24,1
B,24,25,-10
B,24,26,-9
B,24,27,8
B,24,28,7
B,24,29,-3
B,24,30,-9
B,24,31,6
B,24,32,10
B,24,33,-3
B,24,34,1
B,24,35,-1
B,25,0,5
B,25,1,9
B,25,2,1
B,25,3,-1
B,25,5,7
B,25,6,4
B,25,7,5
B,25,8,-1
B,25,9,3
B,25,10,-3
B,25,11,7
B,25,12,-1
B,25,13,7
B,25,14,7
B,25,15,-8
B,25,16,8
B,25,17,7
B,25,18,2
B,25,19,1
B,25,20,-2
B,25,21,4
B,25,22,-7
B,25,23,7
B,25,24,-8
B,25,25,-5
B,25,26,-7
B,25,27,9
B,25,28,5
B,25,29,-5
B,25,30,3
B,25,31,10
B,25,32,2
B,25,33,4
B,25,34,-9
B,25,35,-6
B,26,0,-4
B,26,1,-7
B,26,2,-8
B,26,3,-8
B,26,4,5
B,26,6,1
B,26,7,-7
B,26,8,7
B,26,9,7
B,26,10,9
B,26,11,-6
B,26,12,7
B,26,13,3
B,26,14,6
B,26,15,-1
B,26,16,-4
B,26,17,8
B,26,18,4
B,26,19,9
B,26,20,-10
B,26,21,7
B,26,22,-3
B,26,23,-1
B,26,24,9
B,26,25,8
B,26,26,10
B,26,28,-1
B,26,29,7
B,26,30,-3
B,26,31,-2
B,26,32,-9
B,26,33,9
B,26,34,-8
B,26,35,8
B,27,0,-10
B,27,1,-4
B,27,2,8
B,27,3,4
B,27,4,4
B,27,5,-9
B,27,6,-5
B,27,7,-9
B,27,8,1
B,27,9,-10
B,27,10,-8
B,27,11,-10
B,27,12,2
B,27,13,-10
B,27,14,-6
B,27,15,1
B,27,16,8
B,27,17,4
B,27,18,-3
B,27,19,-6
B,27,20,-5
B,27,21,-2
B,27,22,-5
B,27,23,5
B,27,24,-1
B,27,25,10
B,27,26,-9
B,27,28,8
B,27,29,10
B,27,30,-3
B,27,31,-3
B,27,32,10
B,27,33,-7
B,27,34,9
B,27,35,-3
B,28,0,-5
B,28,3,9
B,28,4,-1
B,28,5,9
B,28,6,-1
B,28,7,10
B,28,8,5
B,28,9,2
B,28,10,3
B,28,11,-8
B,28,12,-10
B,28,13,2
B,28,14,-2
B,28,15,2
B,28,16,-9
B,28,17,6
B,28,19,-4
B,28,20,-4
B,28,21,-9
B,28,22,7
B,28,23,2
B,28,24,4
B,28,25,9
B,28,26,-5
B,28,27,10
B,28,28,9
B,28,29,-4
B,28,30,4
B,28,31,6
B,28,32,-5
B,28,33,9
B,28,34,2
B,28,35,10
B,29,0,-8
B,29,1,-7
B,29,2,10
B,29,3,4
B,29,4,3
B,29,5,-2
B,29,6,1
B,29,7,-8
B,29,8,-4
B,29,9,1
B,29,10,7
B,29,11,-8
B,29,12,1
B,29,13,-5
B,29,14,-8
B,29,15,6
B,29,16,1
B,29,17,-1
B,29,18,-2
B,29,19,2
B,29,20,6
B,29,21,-8
B,29,22,-9
B,29,23,4
B,29,24,-10
B,29,25,-4
B,29,26,4
B,29,27,5
B,29,28,-8
B,29,29,-5
B,29,30,1
B,29,31,-2
B,29,32,8
B,29,33,9
B,29,34,4
B,29,35,8
B,30,0,1
B,30,1,-1
B,30,3,3
B,30,4,-8
B,30,5,-6
B,30,6,4
B,30,7,-7
B,30,8,2
B,30,10,3
B,30,11,-2
B,30,12,-5
B,30,13,-4
B,30,14,8
B,30,15,2
B,30,16,4
B,30,18,8
B,30,19,-1
B,30,20,2
B,30,21,-4
B,30,22,4
B,30,24,-2
B,30,25,3
B,30,26,-8
B,30,27,3
B,30,28,9
B,30,29,-1
B,30,30,-7
B,30,31,9
B,30,32,2
B,30,33,6
B,30,34,10
B,30,35,7
B,31,0,-3
B,31,1,7
B,31,2,-7
B,31,3,-8
B,31,4,3
B,31,5,-10
B,31,6,7
B,31,7,3
B,31,8,-7
B,31,9,1
B,31,10,6
B,31,11,-8
B,31,12,-5
B,31,13,-1
B,31,14,1
B,31,15,-2
B,31,16,-3
B,31,17,5
B,31,18,-10
B,31,19,-9
B,31,20,-2
B,31,21,-9
B,31,22,9
B,31,23,4
B,31,24,10
B,31,25,-9
B,31,26,-10
B,31,27,3
B,31,28,2
B,31,29,-7
B,31,30,9
B,31,31,7
B,31,32,7
B,31,33,3
B,31,34,-4
B,31,35,6
B,32,0,9
B,32,1,8
B,32,2,-5
B,32,3,-5
B,32,4,-5
B,32,5,4
B,32,6,-9
B,32,7,-4
B,32,8,-6
B,32,9,-3
B,32,10,-6
B,32,11,6
B,32,12,10
B,32,13,-8
B,32,14,-5
B,32,15,5
B,32,16,-4
B,32,17,4
B,32,18,5
B,32,19,9
B,32,20,-1
B,32,21,4
B,32,22,8
B,32,23,-6
B,32,24,-10
B,32,25,9
B,32,26,10
B,32,27,-10
B,32,28,4
B,32,29,-1
B,32,30,-4
B,32,31,-6
B,32,32,5
B,32,33,2
B,32,34,-9
B,32,35,1
B,33,0,1
B,33,1,-9
B,33,2,5
B,33,3,1
B,33,4,8
B,33,5,-4
B,33,6,-6
B,33,8,10
B,33,9,-2
B,33,10,-1
B,33,11,-1
B,33,12,-6
B,33,13,-4
B,33,14,-2
B,33,15,-9
B,33,16,-6
B,33,17,-1
B,33,18,4
B,33,19,-1
B,33,20,9
B,33,21,3
B,33,22,8
B,33,23,-2
B,33,24,2
B,33,25,6
B,33,26,-5
B,33,27,1
B,33,28,-1
B,33,29,10
B,33,30,10
B,33,31,-2
B,33,32,1
B,33,33,-9
B,33,34,6
B,33,35,-8
B,34,0,8
B,34,1,-4
B,34,2,3
B,34,3,2
B,34,4,5
B,34,5,3
B,34,6,-7
B,34,7,-1
B,34,8,8
B,34,9,8
B,34,10,5
B,34,11,10
B,34,13,-1
B,34,14,-7
B,34,15,-1
B,34,17,2
B,34,18,-1
B,34,19,-3
B,34,20,1
B,34,21,1
B,34,22,6
B,34,23,4
B,34,24,-6
B,34,25,-5
B,34,26,5
B,34,27,7
B,34,28,-2
B,34,29,-6
B,34,30,-10
B,34,31,-6
B,34,32,9
B,34,33,-10
B,34,34,-2
B,34,35,-1
B,35,0,-9
B,35,1,1
B,35,2,5
B,35,3,5
B,35,4,4
B,35,5,6
B,35,6,-1
B,35,7,-8
B,35,8,7
B,35,9,7
B,35,10,7
B,35,11,-4
B,35,12,-10
B,35,13,10
B,35,14,6
B,35,15,8
B,35,16,7
B,35,17,-2
B,35,18,5
B,35,19,-1
B,35,20,-10
B,35,21,10
B,35,22,1
B,35,23,7
B,35,24,1
B,35,25,8
B,35,26,-10
B,35,27,-5
B,35,28,-2
B,35,29,4
B,35,30,-5
B,35,31,2
B,35,32,6
B,35,33,-7
B,35,34,4
